965
102
5297
2618049
697106497
322560
3000
51030
1008
28800
5520
904152917
3024
160
589833267
938017885
40824
36
21384
2600
5824
85712697
230400
97
5760
21
22464
70000
145152
1620
324000
32000
18480
1440
236250
1000000000
4896
414720
57600
8015864
27216
243000
5184
184320
63
621008
59
961175759
6300
7200
998506315
64680
61740
805306368
7680
214573
405000
12150
110
5721
125
87
4914
3312
4943
115
94500
270000
23115571
12768
9800
47473
30030
107
54000
124416
54600
1048576
38016
964532929
13
43
2310
4752
1512
2160
95040
48
2097152
107520
3528
43200
19656
10800
42755209
32768
12000
2200
157464
8064
466560
13122
163840
194241
25920
5376
288000
6552
480000
47040
994617
2156
4488
468
72576
3456
20592
349920
118272
346742385
10260
8372259
567
8316
17136
63504
2560
74
69888
18
4200
16800
45360
138240
14688
79548
15
47
69
4320
12288
2268
33108
76
5346
115200
281250
782
73
15680
2688
27720
42000
75
7040
125440
29
4680
73728
94
2520
660
787320
7785
49
28512
55
4560
78000
4608
32
215040
1520
32640
3371
696
65610
81000
517759
1800
3072
1680
72000
79200
482421315
301056
922505446
18240
193536
67200
27184698
95256
8208
524880
3696
1960
1100
16000
200000
225792
36283838
9600
131
112896
583200
12240
103680
460800
900360029
30973
52
23328
153600
2352
74880
104976
113
69984
52488
1904
5044
85536
30240
8826131
58800
432255
323
94770
1764
50000
22176
23232
1530
6804
320
45000
23814
54880
999999999
459270
118
8087519
288
24576
40320
430080
16464
408240
169344
63360
25
93312
552960
1920
53940
58054077
22848
625433749
110250
4374
68
217728
50400
336000
81920
934
99840
48238
23760
38400
6765
7897861
1001604
2025
311040
27000
7920
1836
12870
46080
302400
16
92160
46
786432
432000
98304
17
322081025
142560
518400
20328
1890
60480
163296
10500
98
42768
176400
5016
9000
97200
170100
50
122877509
45
5616
66150
179200
202500
24300
256000
40950
198450
2730
12800
5361
53
86
71280
28
2340
59136
2431
9180
48510
37800
24
85
245760
165888
6075
476014
1000000
19440
6541551
8640
34944
457481
87480
129600
1
1260
56700
101
20160
48000
92400
62
34020
24480
139968
524288
128000
4800
31500
3864
768
40960
44800
472392
10560
672
1323
119
5400
5625
66528
50688
20480
94080
864
14560
89600
63180
1848
442368
813
504
51
136080
58320
13230
13680
151200
4312
306180
395
20000
128
5657
134400
76800
49152
63000
1824
84
1701
42
147456
80949857
32805
21504
1386
61966
48384
375000
155520
51840
4788
31680
971866761
33792
4620
3510
916855204
42336
105000
216
4733
5767201
1817
16224
2016
109
86400
168960
99000
56
7392
699840
362880
998244353
30720
4675
4032
201600
8772
96228
276480
640
44
34300
279936
8624
35503
15840
14040
62208
8347
33401221
7056
141120
85050
47520
1134
121
56448
10240
16128
23100
7390
127008
5280
29484
26880
268800
725573
67
5120
4480
510205
6399199
8400
162000
792
241920
967669583
64922375
248832
135
39600
912
32670
259200
35
115248
31104
473
1584
108864
688978813
24192
7389
207360
122880
84480
420
9409159
391
68040
11000
546
17424
1728
969
35640
64152
388800
12544
11664
60
52800
9504
108000
536870912
71805
29952
240000
123
52416
19
56160
1001
5250
2403381
33
49500
10000
1500
655360
224
9425
127
653477439
291600
174960
340200
29250
67500
441
112
67893369
393216
300
700
189
8320
82268566
35100
396
180
172032
145800
131220
29120
21168
21870
2906162
18720
4539685
180000
57624
331776
314928
3600
54432
46464
22500
150000
300000
7500
11016
132300
72
204120
393660
474
41580
50544
16524
1671
133650
30
3645
70400
7455307
2940
14700
13860
1741
64800
49000
17820
111
118800
6400
5200
48600
31
1944
14336
89
70560
58
25600
29400
405
4
82944
70235461
13056
49896
23040
4725
307200
55296
2
34848
25200
926315427
12672
4160
33696
7290
168000
116
66
92
8100
1056
31200
5073
78
90720
37
98415
2250
12096
15552
49920
67584
2640
589824
38880
65
226151256
57344
19800
192
9
8000
4050
6037
13824
100696425
121500
31590
4158
17640
33600
5304
519
57
14400
491520
114688
77760
91857
196608
221184
18432
362
126
4704
106
105840
70
226800
9900
22
6840
38497
81
17920
26
181440
34111
70200
44550
3157819
9240
361
900
209952
6480
9489
43740
123480
112000
80
646
257
15400
630
987
345600
409342369
49280
15876
64
101250
110592
83
17280
7296
2720
6750
816
954158175
116640
28000
18000
42120
41600
186624
3960
559
29160
7128
12960
8976
84579
11340
986129769
108
95
27456
18816
1215
39936
59400
21600
981028563
77
54
102060
11264
9408
665
2736
252000
170
38
2304
182250
3584
71
983900459
3264
27
13500
144000
24696
129
999999998
89100
5940
192000
8424
3375
32256
5601
501
42105
6720
4655
96000
216000
327680
9450
76032
368640
2707
131980
614400
120
21383
546750
43680
164640
20736
88
24000
16380
118263990
576
673921
105600
126720
69120
746803744
161280
124
53760
10368
34
10
105
3780
122
641
10752
36864
5808
31752
84000
129024
194400
96768
91
1600
360000
65536
49392
16320
2070
81648
5600
540
262440
633
34560
44928
3120
32400
90
88704
8
810
22680
47958485
57024
12348
61440
949106497
104
9827
8448
33750
2592
99
16200
135000
233280
1249
8250
486000
14
86016
8660
85881
93
244944
96
60000
448
11232
4410
14112
15288
75600
37440
10710
92317161
1632
21952
193
211680
8748
587234
75264
11
4000
19008
11085765
13440
3564
294912
64512
21840
35280
32076
23
40
117
8550
5040
72900
281
28080
142884
17550
41472
9100
3360
9216
7776
20
7
7938
3900
957262828
21000
3168
6930
150528
84240
25490988
79
78750
7025
132000
74088
6
5
364500
22950
282791
5000
7560
235200
28672
2400
52920
622080
2100
24750
120000
2376
29700
15750
14256
999999937
25002
15120
103
373248
2000
2880
83160
3240
23400
4536
47628
80640
989447237
1615
3
2430
19200
8960
3509575
10080
100800
26460
