90
3 2
100 10 100
88 88
69 69 69 69 69 69 69 69 69 69 69 69 69 69 69 69 69 69 69 69 69 69 69 69 69 69 69 69 69 69 69 69 69 69 69 69 69 69 69 69 69 69 69 69 69 69 69 69 69 69 69 69 69 69 69 69 69 69 69 69 69 69 69 69 69 69 69 69 69 69 69 69 69 69 69 69 69 69 69 69 69 69 69 69 69 69 69 69
69 11
51 8 6 42 54 22 97 91 67 50 45 91 60 73 85 20 35 99 89 8 50 46 26 39 23 30 3 28 79 91 25 20 74 53 38 3 30 15 62 65 35 60 58 52 67 51 14 64 38 93 62 8 98 98 2 49 74 68 88 53 93 17 27 44 74 57 98 7 27
100 44
84 26 67 58 46 22 62 61 45 60 6 67 50 88 96 2 49 58 72 19 75 97 85 98 91 17 75 98 21 50 69 37 1 31 71 87 19 12 37 85 15 84 59 48 72 63 69 16 22 20 18 31 8 55 44 90 49 62 18 68 28 17 74 81 23 48 24 15 53 73 5 17 19 75 38 84 52 51 63 36 70 5 51 19 85 63 6 81 56 26 69 4 3 86 55 6 42 61 97 61
1 100
100
89 86
50 99 100 3 38 9 42 35 18 46 90 7 87 82 24 43 93 36 1 41 81 36 38 44 42 84 51 75 47 72 27 8 72 60 12 92 78 36 60 51 62 39 7 56 78 31 37 15 95 12 17 64 35 91 63 73 91 87 27 80 61 61 43 47 71 89 83 21 27 65 17 10 24 13 19 86 4 36 2 14 56 14 20 60 33 79 94 55 95
3 2
1 3 3
82 53
20 67 33 18 29 17 74 12 24 50 82 32 9 63 16 25 69 26 54 15 7 49 40 27 3 44 13 5 23 34 70 71 21 47 37 78 14 81 59 2 6 30 35 38 66 62 1 22 8 75 43 72 41 19 11 45 61 10 53 31 64 52 56 55 42 79 68 73 4 77 80 76 58 48 39 60 46 57 65 51 36 28
9 2
3 8 4 3 5 9 6 9 4
89 64
12 29 8 3 46 1 17 87 83 53 29 54 16 24 63 63 32 61 1 75 74 40 54 17 72 84 20 18 98 22 70 3 75 16 100 12 72 40 88 85 97 20 30 48 83 10 95 54 95 76 30 61 85 77 22 31 86 52 96 1 43 63 42 3 96 33 38 79 40 56 87 9 83 97 78 33 11 98 96 37 51 74 54 78 32 37 57 55 89
4 10
6 7 4 2
3 5
1 6 4
85 59
92 45 55 50 67 6 18 11 25 100 80 76 42 79 57 81 71 63 46 92 86 31 16 90 57 60 12 3 52 94 57 89 74 77 76 28 80 92 80 40 92 99 1 93 4 64 66 84 44 98 23 64 15 21 23 8 78 17 78 23 43 49 11 38 57 75 18 50 69 8 8 43 24 63 33 21 64 63 94 34 86 21 43 28 90
7 1
2 4 4 4 8 4 6
10 6
10 7 8 2 4 10 2 7 4 3
82 41
20 67 33 18 29 17 74 12 24 50 82 32 9 63 16 25 69 26 54 15 7 49 40 27 3 44 13 5 23 34 70 71 21 47 37 78 14 81 59 2 6 30 35 38 66 62 1 22 8 75 43 72 41 19 11 45 61 10 53 31 64 52 56 55 42 79 68 73 4 77 80 76 58 48 39 60 46 57 65 51 36 28
98 49
7 70 71 76 17 86 78 93 25 88 50 6 1 85 1 90 29 53 80 56 48 58 66 77 20 28 16 81 42 5 42 61 27 79 42 71 47 19 51 5 61 94 97 83 75 19 84 23 13 44 75 54 84 78 20 69 2 80 45 99 77 55 73 30 51 64 38 62 95 47 51 13 49 41 59 25 89 22 89 77 22 20 57 58 41 72 96 19 13 38 4 60 41 12 16 63 75 68
82 40
20 67 33 18 29 17 74 12 24 50 82 32 9 63 16 25 69 26 54 15 7 49 40 27 3 44 13 5 23 34 70 71 21 47 37 78 14 81 59 2 6 30 35 38 66 62 1 22 8 75 43 72 41 19 11 45 61 10 53 31 64 52 56 55 42 79 68 73 4 77 80 76 58 48 39 60 46 57 65 51 36 28
100 45
81 87 36 71 57 67 39 94 97 66 34 81 21 53 31 90 53 55 10 37 35 2 83 24 71 88 94 100 34 64 91 81 20 12 69 93 22 22 30 39 84 19 29 48 29 12 9 31 77 49 46 89 20 89 95 20 61 15 51 85 92 38 8 65 22 16 97 17 27 93 64 62 7 12 65 44 98 92 34 44 61 4 73 57 99 77 79 63 88 36 75 2 26 68 23 42 21 63 3 29
2 78
71 89
99 49
85 76 52 52 91 54 45 55 35 84 27 78 1 60 72 16 82 70 40 68 50 90 21 20 48 93 77 14 21 4 33 62 19 27 80 10 13 20 82 66 100 54 51 57 20 9 16 40 88 54 59 86 41 60 36 24 94 63 1 40 62 83 24 13 99 21 24 10 14 62 100 56 55 93 68 38 6 20 82 100 94 23 38 80 60 1 71 22 12 7 44 6 19 95 99 24 44 34 13
27 15
55 45 29 62 67 22 67 70 30 69 79 66 4 91 92 5 32 88 63 18 73 81 3 43 43 99 38
22 52
90 75 30 83 73 17 38 79 78 39 15 86 83 6 88 91 17 46 20 86 61 100
8 1
2 5 2 8 7 4 2 9
9 9
9 7 1 9 7 5 3 7 7
3 3
9 2 7
6 6
4 4 3 5 8 1
8 2
10 8 10 7 2 7 1 7
1 4
7
1 1
1
7 22
79 7 80 96 42 88 38
84 38
78 63 15 1 75 96 66 81 25 20 58 38 5 60 50 33 52 37 58 9 73 80 56 31 37 7 42 68 50 55 94 35 49 24 12 6 51 56 50 71 19 40 50 40 74 86 44 12 24 3 23 65 39 33 99 47 70 12 52 87 96 39 14 33 35 60 13 64 96 56 93 71 89 4 43 29 43 48 10 71 53 18 37 54
69 69
52 31 36 47 87 47 45 97 11 30 57 45 1 51 32 20 84 66 100 56 26 55 35 70 71 76 51 27 44 55 67 9 51 10 92 98 73 99 77 11 100 84 41 88 92 61 40 46 94 53 61 31 17 4 19 38 77 22 34 2 21 94 93 73 72 41 11 53 77
87 50
89 47 77 21 18 16 57 20 21 48 57 74 95 21 2 57 38 12 42 28 37 93 69 92 96 5 74 90 52 9 100 95 1 11 38 91 80 74 37 36 44 84 36 22 33 76 30 48 56 94 85 58 98 98 66 74 76 64 46 78 4 87 12 12 23 81 48 94 50 71 4 73 6 67 66 56 91 90 51 49 94 73 91 71 13 27 57
1 2
4
8 3
2 2 3 2 5 8 2 7
5 3
7 1 5 7 4
1 1
100
66 67
80 20 86 44 21 77 35 57 98 53 36 24 78 3 63 99 89 75 74 5 14 16 18 44 18 10 62 30 58 75 96 32 93 35 8 95 58 3 26 95 45 30 31 83 72 60 88 34 52 100 67 80 14 69 50 44 5 46 58 86 62 79 72 74 68 44
85 100
68 71 66 21 76 91 34 89 50 75 8 66 51 92 27 59 5 80 27 26 29 93 2 32 63 66 99 73 61 84 49 3 91 54 29 85 70 81 34 93 62 36 41 1 43 23 94 22 37 3 70 67 88 56 63 37 11 76 50 65 3 45 88 100 21 58 81 40 90 32 50 63 63 91 89 51 1 56 82 61 1 45 100 28 82
91 47
47 41 48 51 48 90 64 95 34 10 60 26 73 26 23 2 15 40 11 59 39 89 54 32 18 4 100 87 95 22 19 51 61 40 28 77 68 96 49 92 77 81 81 58 31 10 39 73 46 46 47 74 67 42 55 5 90 16 22 2 29 65 55 40 82 97 41 81 93 78 84 90 72 99 12 9 94 32 61 49 83 92 14 97 41 58 52 34 94 34 31
12 26
46 9 42 1 37 5 32 75 92 19 20 27
77 84
98 31 85 99 5 53 63 46 39 2 49 76 9 8 61 87 82 11 7 78 95 41 66 5 76 39 23 3 99 94 26 43 35 30 65 76 39 24 45 53 42 11 75 42 31 22 56 65 49 12 53 54 16 81 26 54 93 76 72 74 89 2 73 40 61 18 43 14 57 96 36 40 90 53 53 86 18
9 10
1 2 3 10 7 8 6 4 2
3 7
9 7 1
1 8
7
5 5
1 1 2 2 1
3 2
100 100 100
88 40
69 69 69 69 69 69 69 69 69 69 69 69 69 69 69 69 69 69 69 69 69 69 69 69 69 69 69 69 69 69 69 69 69 69 69 69 69 69 69 69 69 69 69 69 69 69 69 69 69 69 69 69 69 69 69 69 69 69 69 69 69 69 69 69 69 69 69 69 69 69 69 69 69 69 69 69 69 69 69 69 69 69 69 69 69 69 69 69
4 4
2 7 9 5
5 2
1 2 3 4 5
24 95
26 12 64 59 6 86 24 12 59 36 81 44 75 70 79 90 71 95 44 8 77 47 26 10
9 1
8 10 3 8 5 4 4 9 10
8 5
7 8 9 6 3 10 10 6
3 69
29 56 82
1 6
3
91 84
83 44 65 52 71 65 76 8 49 86 7 47 96 70 77 16 45 4 36 52 59 52 32 48 53 82 21 92 19 97 45 33 81 93 49 34 44 15 86 62 63 27 68 66 23 20 91 78 16 100 74 3 20 18 61 99 73 37 70 25 4 11 12 36 68 64 77 15 22 30 7 64 91 73 42 97 3 76 28 60 81 38 86 87 59 12 14 12 34 28 2
7 10
1 1 2 6 8 1 9
1 57
3
6 10
1 7 5 4 9 8
10 7
8 6 6 5 2 10 6 8 7 8
1 3
8
5 8
6 3 10 6 3
10 3
1 6 10 7 1 6 5 8 1 3
5 3
1 2 3 3 1
71 74
5 74 13 81 68 56 69 96 60 70 35 95 98 71 62 54 78 45 35 52 28 7 11 4 93 15 79 36 97 41 82 83 38 97 38 12 25 48 87 89 80 14 61 90 60 66 13 42 4 43 71 92 11 66 47 8 44 85 99 18 48 63 61 52 50 67 70 39 39 59 71
3 1
10 8 10
5 84
21 27 44 39 68
94 87
23 96 84 4 89 65 54 22 65 88 67 35 37 91 1 75 26 37 13 71 29 87 25 28 81 21 63 92 18 45 58 86 40 92 22 28 11 96 77 50 39 87 37 30 85 3 26 94 41 22 88 6 32 76 14 67 77 43 58 5 31 39 9 6 62 72 51 52 75 5 84 25 91 87 30 89 37 75 35 1 7 53 95 63 58 42 20 87 14 13 82 65 57 78
2 52
86 99
1 2
5
100 69
24 8 93 12 60 82 99 44 73 5 86 52 61 92 37 76 32 68 43 7 56 19 11 10 2 83 29 59 79 51 72 50 98 3 95 16 63 34 30 64 67 78 96 22 66 54 1 38 70 77 13 87 74 9 27 4 75 94 46 65 57 23 53 18 21 42 35 14 31 48 84 85 28 81 20 97 40 41 6 15 88 90 47 39 33 55 36 80 25 26 91 100 17 45 71 62 49 58 69 89
95 27
56 43 63 81 16 14 13 50 13 96 40 30 61 23 28 60 88 56 55 19 69 65 37 32 49 85 83 78 55 63 82 50 77 73 70 7 76 81 10 97 86 6 90 79 28 10 72 55 100 83 93 11 61 77 19 17 78 55 36 58 42 10 46 53 88 15 3 44 28 15 57 5 30 33 35 99 35 81 22 99 84 61 2 46 22 37 85 28 96 68 98 96 42 65 4
1 5
8
100 1
92 57 64 59 46 56 90 82 87 30 96 1 36 4 16 92 30 90 56 90 69 41 24 46 70 48 6 95 18 22 43 64 89 44 84 58 4 27 89 4 35 20 51 92 7 32 52 27 95 1 38 24 100 94 12 66 57 39 81 5 95 56 63 70 63 96 87 91 93 23 41 23 18 88 90 50 65 49 86 30 55 86 20 4 71 77 8 34 87 49 9 55 93 98 64 22 53 3 65 61
2 7
6 6
63 65
13 87 10 61 93 65 49 50 17 32 62 16 11 11 32 11 66 80 94 27 87 63 47 21 55 34 34 96 70 13 7 19 62 55 41 91 52 91 62 49 53 5 68 100 29 45 30 93 35 87 40 68 9 34 64 4 58 70 79 52 5 45 15
3 2
100 10 1
54 15
23 38 93 81 74 82 60 44 74 42 89 27 25 12 60 88 46 53 10 76 10 19 45 89 89 22 92 98 62 100 91 64 86 71 2 24 83 12 34 69 18 65 96 96 59 58 83 67 89 13 2 36 17 26
10 2
1 7 6 5 6 3 6 8 1 7
100 100
92 57 64 59 46 56 90 82 87 30 96 1 36 4 16 92 30 90 56 90 69 41 24 46 70 48 6 95 18 22 43 64 89 44 84 58 4 27 89 4 35 20 51 92 7 32 52 27 95 1 38 24 100 94 12 66 57 39 81 5 95 56 63 70 63 96 87 91 93 23 41 23 18 88 90 50 65 49 86 30 55 86 20 4 71 77 8 34 87 49 9 55 93 98 64 22 53 3 65 61
3 2
1 2 2
97 48
46 84 66 60 81 23 76 24 59 93 44 38 90 40 68 86 17 21 92 68 13 89 58 38 20 16 72 81 5 90 32 92 89 33 80 60 69 48 92 72 94 29 38 83 2 77 82 60 56 62 99 3 28 96 49 24 69 29 33 20 31 82 82 32 73 6 58 75 84 85 90 94 50 99 99 74 79 97 2 29 10 89 83 57 28 93 3 10 17 5 35 37 68 90 45 22 21
3 9
4 2 1
10 10
1 5 2 10 2 5 2 5 5 3
10 8
6 9 8 4 6 8 7 3 10 4
88 100
69 69 69 69 69 69 69 69 69 69 69 69 69 69 69 69 69 69 69 69 69 69 69 69 69 69 69 69 69 69 69 69 69 69 69 69 69 69 69 69 69 69 69 69 69 69 69 69 69 69 69 69 69 69 69 69 69 69 69 69 69 69 69 69 69 69 69 69 69 69 69 69 69 69 69 69 69 69 69 69 69 69 69 69 69 69 69 69
7 8
8 9 9 10 3 6 9
4 3
8 6 6 3
1 5
4
