100
838 46
824 54
108 30
950 71
264 31
2 97
115 64
226 22
950 95
744 91
171 6
712 1
918 38
808 71
684 94
635 54
2 95
875 93
1000 99
2 50
865 23
582 60
906 56
1000 2
289 48
924 39
915 30
169 3
13 37
1000 98
81 39
2 1
109 76
252 96
816 86
745 5
494 92
871 75
95 37
387 98
793 69
2 3
2 99
383 4
398 61
2 5
24 85
1000 5
2 2
2 36
894 97
555 27
246 78
3 10
807 16
443 91
500 44
1000 1
1000 96
270 26
758 85
355 11
492 78
397 40
728 33
1000 95
537 11
656 95
440 28
277 79
1000 4
312 23
892 10
665 37
755 11
451 5
921 39
2 4
642 34
245 99
837 81
758 81
2 96
551 71
981 68
452 71
2 98
1000 97
453 71
30 46
424 35
289 65
958 86
132 90
744 3
93 3
1000 3
40 62
320 75
950 63
