9
5
1 2 3 4 5
1 2 3 4 5
3
1 1 2
2 2 2
4
1 2 3 4
3 4 4 4
4
1 2 3 4
1 2 3 3
3
1 3 3
2 2 2
2
1 2
2 1
5
1 2 3 4 5
1 2 3 1 2
100
38 78 85 62 9 70 23 53 98 27 22 9 28 33 59 68 20 56 35 69 98 66 98 95 77 73 28 90 43 54 34 18 36 5 97 48 61 7 3 53 53 91 88 68 31 67 9 69 53 58 30 44 60 58 92 89 71 14 58 70 38 37 65 49 89 75 89 54 80 74 10 64 48 18 11 81 63 99 36 86 8 58 99 59 2 77 26 64 85 61 72 51 29 37 60 57 28 82 32 49
44 88 85 95 49 95 97 77 98 69 60 33 64 53 97 72 61 70 57 99 98 77 98 98 85 82 73 98 85 88 99 68 78 44 98 65 86 10 9 57 77 98 90 98 64 95 63 85 71 58 36 63 68 68 99 89 82 53 68 98 81 69 98 60 97 89 89 58 98 74 38 95 90 98 35 99 73 99 53 95 9 99 99 74 70 80 58 81 98 98 73 98 34 61 81 98 77 82 74 68
67
45 11 6 21 34 23 13 28 37 20 54 30 50 48 33 20 7 46 22 66 38 57 15 54 28 33 63 34 63 66 11 30 37 31 49 30 61 14 13 55 57 41 37 41 65 22 42 22 65 44 59 45 30 50 26 10 14 16 44 37 2 44 61 8 21 36 59
47 5 39 55 1 56 40 25 8 24 13 49 50 5 9 45 46 11 51 26 12 33 15 6 37 66 3 63 1 57 57 23 25 18 55 38 37 57 39 35 22 58 8 23 28 4 27 59 34 39 65 61 64 8 60 24 51 48 31 62 27 65 52 54 23 2 50
