100
3855409
9999973
9999929
3132736
4
9999971
9299449
9987391
4572049
928009
3877633
9682616
6735763
4170220
8248729
1403870
3023326
9999995
2610613
9309119
8460583
5094841
9325574
9516811
9999931
12
1281246
7
9999999
9999996
5001361
5388168
5103067
1264969
6513281
6697461
11
4461643
3
8603593
3949061
559513
4125389
2896297
5331653
8873129
9999930
140839
4461641
9999991
9999997
2295773
9999162
1862603
1750607
9999998
3410821
5462959
1507483
7762723
9
6
2360890
1144
4461642
1
6987083
6463741
6704676
3323191
7783893
1481717
9999972
592432
9999161
9010879
6865010
8697851
3702389
8
7742461
3910981
3929879
4046177
3191803
8237213
4751053
86293
7203246
10000000
13
2044523
615403
8763892
10
9971849
5
1221469
2
9999163
