65
650920191250544 3690753017565881 4021727189586015
5 9 9152845331581750
8025714536856354 9903000027803061 904922510325972
2 3 9429605562755370
7 7 6977204123379581
8272 10247 5338458442301888
10 13 11234567890
48878 70096 1422160026469748
1 1 1000000000000
10 13 8839845532190096
74116 111994 1493371909130523
13973 26419 3513626523439425
9545048558841825 6899255672076999 9272818149758853
4 6 7754441745231444
9 15 5802491041437611
49127 75508 3693288613316216
4 4 1760792368134037
1 1 6044898352400565
2 3 2
1 1 3771679948420674
9 10 9259928947805118
10 10 4042027009034951
314 512 1024
1 1000000000000 1
2 3 1
259149987802241 6689368820300403 3534721002568495
6761462000443010 904477908128201 3043816924959190
10 17 370045965243845
3 5 840843200459482
725831654114702 4541733210835335 2742887072719959
4 6 2271224666368145
9706554173387903 5097740681849255 2095245244912381
52245 85277 3528041057867931
37177 52260 3627623246300954
7 12 6439637337963783
6 6 3465509398779757
25878 28689 9188723367817961
1000000000000 1 1000000000000
26597 37816 4245730305851899
1 3 100
60280 106158 382504020903546
5 7 4495587747091262
2 2 5384712727499747
59617 76399 8216425361382011
5 8 550103143310362
1 1000000000000 1000000000000
1 1 7851116204037232
6 9 497087563
3865717696012301 6136029900710052 3321279115901350
2 3 5
64922 110795 4504704366599950
80006 121046 2203488461171151
7861 11257 5477539912208008
9 17 7379218941168776
1000000000000 1 1
9334 14595 5458585253152592
4 4 4198590241362000
6 9 2903294259185990
10 13 3337041873753082
2 2 9825445613196928
2 2 1081292147434158
5 1 100
314 512 133769420
10 13 8689503031950123
74036 112850 549053549625598
